start=7629.200000
volume=104.000000
