start=4530.537812
volume=140.000000
fullscreen=yes
