start=4166.092000
volume=134.000000
audio-delay=1.600000
fullscreen=yes
contrast=-1
