start=2956.001000
volume=124.000000
fullscreen=yes
