start=33.533300
volume=104.000000
