start=58.833333
volume=104.000000
