start=2011.709000
volume=130.000000
fullscreen=yes
