start=8.750000
volume=104.000000
