start=29.250000
volume=168.000000
fullscreen=yes
