start=16.416667
volume=104.000000
