start=3124.616535
volume=116.000000
fullscreen=yes
