start=4460.200000
volume=168.000000
