start=3765.204000
volume=158.000000
audio-delay=1.600000
fullscreen=yes
