start=2.016317
volume=104.000000
