start=243.383317
volume=104.000000
fullscreen=yes
