start=1.533317
volume=104.000000
