start=2900.850000
volume=142.000000
fullscreen=yes
