start=5.333317
volume=104.000000
