start=19.050000
volume=104.000000
vf=sub
ab-loop-a=3.316650
ab-loop-b=23.483000
