start=23.428693
volume=70.000000
