start=4591.500000
volume=104.000000
audio-delay=0.100000
fullscreen=yes
sub-pos=99
