start=1189.100000
volume=158.000000
fullscreen=yes
