start=1938.501000
volume=84.000000
fullscreen=yes
