start=1951.701000
volume=84.000000
