start=2954.000000
volume=140.000000
