start=7.591000
volume=156.000000
