start=3420.201000
volume=134.000000
fullscreen=yes
