start=8381.290000
volume=104.000000
