start=3581.600000
volume=146.000000
fullscreen=yes
