start=5484.800000
volume=164.000000
fullscreen=yes
