start=1470.700000
volume=164.000000
fullscreen=yes
