start=16.533000
volume=104.000000
