start=0.000000
volume=104.000000
