start=1686.600000
volume=104.000000
